id_tps	name	sex	set	nat	age	weight	height	attractiveness	fem_masc	L	a	b 	R1	L1	R2	L2	R3	L3	laterality
24	ID5_1_M_CMR13_DSC_0036	F	CMR13	CMR	22	74.1	157	3.764705882	5.532467532	40.44	23.325	19.938	176.9	189	192.2	206.6	209.3	189.9	R
33	ID6_1_F_CMR13_DSC_0040	F	CMR13	CMR	23	59.4	160	3.411764706	5.090909091	49.125	24.65	25.578	44.02	89.13	105.1	87.1	120.7	125.7	R
38	ID7_2_F_CMR13_DSC_0049	F	CMR13	CMR	23	74.8	160	3.441176471	4.532467532	38.016	20.829	15.224	206.4	209.3	247	206.4	229.9	161.7	R
44	ID8_1_F_CMR13_DSC_0044	F	CMR13	CMR	23	55.7	162	3.852941176	5.714285714	44.644	23.941	24.036	239.3	255.3	268.2	256.3	247.7	208.7	R
0	ID17_2_F_CMR13_DSC_0002	F	CMR13	CMR	18	60.6	158.5	2.411764706	4.74025974	35.992	19.194	14.381	181.6	77.17	109.4	67.93	151.6	71.54	R
1	ID18_1_F_CMR13_	F	CMR13	CMR	21	86.3	162	2.264705882	3.597402597	30.46	13.64	8.886	231.4	172.8	152.3	176.4	184.3	181.4	R
2	ID19_2_F_CMR13_DSC_0010	F	CMR13	CMR	22	52.5	159	3.382352941	4.896103896	41.802	21.316	19.243	40.87	54.4	39.28	58.23	67.7	53.49	R
3	ID20_1_F_CMR13_DSC_0013	F	CMR13	CMR	22	63	161	4.424242424	5.584415584	37.985	22.158	17.543	252	243.6	260.5	217.2	233.2	253.5	L
4	ID25_1_F_CMR13_DSC_0034	F	CMR13	CMR	23	65.5	169.5	1.970588235	3.623376623	27.979	15.184	10.899	35	41.99	155.9	141.5	147.1	160.6	R
5	ID26_1_F_CMR13_DSC_0041	F	CMR13	CMR	18	56.1	163.5	3.058823529	4.675324675	37.345	18.234	14.61	226	142.8	223.5	160.2	211.6	156.1	R
6	ID27_2_F_CMR13_DSC_0050	F	CMR13	CMR	25	57.2	151.5	2.558823529	4.350649351	30.313	19.448	16.871	239.6	238.7	263.9	204.4	268.2	211.6	R
7	ID28_2_F_CMR13_DSC_0046	F	CMR13	CMR	21	50.3	149.5	3.823529412	5.220779221	29.582	18.587	14.63	233.7	214.1	220.2	186.6	175.7	166.5	R
8	ID1_1_M_CMR13_DSC_0023.jpg	M	CMR13	CMR	25	78.2	168	3.464285714	5.636363636	40.726	17.463	12.529	318.7	316.5	390.4	364.7	397	307.9	R
14	ID2_2_M_CMR13_DSC_0033.jpg	M	CMR13	CMR	21	72.6	181	5	5.181818182	30.004	15.244	10.515	279	261.9	316	300.9	270	271.6	R
18	ID3_1_M_CMR13_DSC_0025.jpg	M	CMR13	CMR	20	74.7	164	5.5	6.142857143	40.776	16.879	12.822	312.4	290.8	337.2	279.7	344.2	278.1	R
24	ID4_1_M_CMR13_DSC_0028.jpg	M	CMR13	CMR	18	55.7	162	2.964285714	5.987012987	28.981	15.097	8.127	232.6	235.1	241.8	220.6	254.9	193.3	R
48	ID9_2_M_CMR13_DSC_0061.jpg	M	CMR13	CMR	21	91.5	172	4.321428571	5.519480519	37.363	15.104	10.133	394.3	283.3	354.8	321.7	374.4	325.3	R
1	ID10_2_M_CMR13_DSC_0065.jpg	M	CMR13	CMR	24	73.3	165	5.142857143	5.87012987	36.21	16.695	12.084	359.5	332.7	389.3	360.7	371.5	274.7	R
2	ID11_3_M_CMR13_DSC_0082.jpg	M	CMR13	CMR	23	74.9	184	3.785714286	5.168831169	37.986	21.456	17.193	339.5	192.9	366.8	233.7	380.5	284	R
4	ID13_1_M_CMR13_DSC_0052.jpg	M	CMR13	CMR	19	54.8	179.5	4.035714286	3.779220779	49.084	23.548	22.214	383.7	195.6	347.6	286.7	404.7	196.7	R
5	ID14_1_M_CMR13_DSC_0072.jpg	M	CMR13	CMR	30	79.5	180	2.857142857	6.480519481	30.953	13.588	8.241	343.8	267.5	357.7	311.1	365.4	289.9	R
6	ID15_1_M_CMR13_DSC_0056.jpg	M	CMR13	CMR	25	75	186	4.107142857	5.831168831	28.057	13.175	8.511	364.3	353.2	411	355.7	427.4	378.3	R
7	ID16_2_M_CMR13_DSC_0069.jpg	M	CMR13	CMR	20	64	165.5	3.481481481	6.337662338	32.224	16.603	11.806	299.8	267.8	344.9	281.5	282.6	312.6	R
10	ID22_2_M_CMR13_DSC_0023.jpg	M	CMR13	CMR	23	58.3	164.5	4.464285714	5.805194805	27.395	15.063	10.411	199	198.3	185.9	217	191.1	214.8	R
11	ID23_1_M_CMR13_DSC_0030.jpg	M	CMR13	CMR	24	58.9	165	3.333333333	6.246753247	25.519	13.731	9.084	250.2	198.3	197.6	203.9	196.9	187.2	R
12	ID24_2_M_CMR13_DSC_0027.jpg	M	CMR13	CMR	22	61.7	166.5	3.321428571	5.831168831	25.138	15.245	10.336	325.7	323.9	375.3	243.6	355.7	322.3	R
101F]	101F	F	CMR16	CMR	27	50.7	157	3.918367347	5.765957447	43.36966667	16.025	17.57866667	234.9141	252.5894	257.5097	292.6331	254.1537	275.399	R
102F]	102F	F	CMR16	CMR	24	69.3	152.5	2.87755102	4.553191489	37.22	12.70833333	12.58766667	229.7665	190.8459	223.9505	169.3734	214.1101	181.9013	R
103F]	103F	F	CMR16	CMR	23	66.7	156	1.897959184	3.393617021	33.793	10.63866667	8.563333333	194.4292	218.5757	196.8893	209.1898	181.2194	216.1156	R
104F]	104F	F	CMR16	CMR	18	65.1	156.5	2.265306122	3.765957447	37.58133333	13.48133333	12.59433333	197.1032	276.5221	163.1028	256.6139	155.2813	272.043	R
105F]	105F	F	CMR16	CMR	23	61	157	2.693877551	3.425531915	38.98466667	14.38133333	13.08833333	303.8106	259.9698	270.706	277.6452	281.8835	254.8223	R
106F]	106F	F	CMR16	CMR	20	54	158	2.93877551	4.35106383	36.44633333	12.087	10.45666667	220.3673	240.0616	229.098	185.4711	205.1654	178.7593	R
113F]	113F	F	CMR16	CMR	20	61.9	162	4.142857143	4.904255319	35.81766667	11.35833333	9.960666667	268.2459	151.0295	290.3869	149.4652	265.5585	159.5196	R
114F]	114F	F	CMR16	CMR	24	59.2	156	3.836734694	5.053191489	39.715	12.41866667	12.626	111.2132	130.6668	123.7276	108.2985	129.3297	76.9855	R
115F]	115F	F	CMR16	CMR	19	56.9	163.5	4.12244898	5.372340426	36.447	12.45966667	11.82833333	184.5753	199.7906	157.2868	225.9694	188.3858	231.5581	R
116F]	116F	F	CMR16	CMR	21	59.7	164	2.204081633	3.79787234	33.98433333	9.462666667	6.280666667	165.7902	134.25	183.6795	152.5939	174.9622	118.8074	R
117F]	117F	F	CMR16	CMR	20	57.6	166	2.673469388	3.765957447	32.64366667	9.455666667	7.37	238.7112	306.498	297.0988	219.0303	271.6018	250.5705	R
118F]	118F	F	CMR16	CMR	19	69.6	157	3.265306122	4.946808511	35.983	10.281	7.354333333	302.019	281.6696	296.8715	270.9333	307.6211	257.0551	R
125F]	125F	F	CMR16	CMR	21	63.1	152.5	3.510204082	4.840425532	43.94866667	13.40933333	13.886	205.3793	219.6988	180.7782	168.4776	221.7177	158.1826	R
126F]	126F	F	CMR16	CMR	21	81.1	157	2.612244898	3.904255319	35.04366667	8.349333333	4.606	251.4663	161.5385	213.8828	153.7036	231.9994	135.587	R
127F]	127F	F	CMR16	CMR	21	66.4	156.5	2.959183673	4.223404255	38.43833333	11.303	9.533333333	261.5341	242.9629	243.4175	180.5509	231.3308	208.9625	R
128F]	128F	F	CMR16	CMR	21	50.7	160	3.510204082	4.787234043	38.004	11.846	10.93	284.3436	200.4591	208.5213	212.987	232.2267	172.0475	R
129F]	129F	F	CMR16	CMR	21	66.3	160	2.87755102	4.159574468	39.36366667	11.57633333	9.115	250.1293	196.4347	185.6984	199.7906	186.3669	148.5694	R
130F]	130F	F	CMR16	CMR	19	42.8	154	2.836734694	4.585106383	39.27066667	11.576	9.964	170.7105	118.1389	252.5894	182.7971	207.8394	139.1702	R
131F]	131F	F	CMR16	CMR	21	43.5	152	3.244897959	5.212765957	54.44	15.904	18.391	170.4832	189.0543	173.3979	191.9557	171.379	187.7173	R
132F]	132F	F	CMR16	CMR	22	93.9	164	2.367346939	4.255319149	40.07333333	12.852	12.018	188.6131	302.9148	270.4787	272.9388	248.5516	249.0062	R
133F]	133F	F	CMR16	CMR	22	59.1	154.5	2.816326531	4.138297872	41.30733333	13.87666667	14.668	126.8696	158.1826	142.0715	126.6423	136.2555	111.8817	R
134F]	134F	F	CMR16	CMR	14	59.6	164	3.693877551	4.436170213	44.20466667	13.72	14.97966667	314.5468	264.6627	318.5713	242.7356	289.9457	215.9017	R
135F]	135F	F	CMR16	CMR	21	57.5	145.5	3.12244898	4.223404255	39.4	12.45033333	13.06333333	256.6139	250.3432	251.4663	151.0295	239.1658	224.1778	R
136F]	136F	F	CMR16	CMR	25	94.4	169	2.93877551	4.542553191	38.325	12.15433333	12.285	351.0073	208.294	357.9465	279.878	358.3877	258.6194	R
143F]	143F	F	CMR16	CMR	21	65.3	170	3.326530612	4.893617021	38.221	12.36733333	11.78933333	230.435	275.8535	233.5637	195.5389	218.5757	222.1589	D 
144F]	144F	F	CMR16	CMR	20	53.9	163	2.836734694	4.606382979	37.84433333	11.78466667	9.350333333	179.6551	169.8147	283.9024	237.8154	282.5654	233.1225	R
145F]	145F	F	CMR16	CMR	19	52.3	162	2.714285714	3.978723404	40.635	12.09066667	11.21033333	163.5574	164.4532	187.7173	188.3858	213.8828	210.5268	R
146F]	146F	F	CMR16	CMR	21	62.9	156	3.612244898	5.510638298	49.11633333	15.51266667	16.11366667	74.7393	66.2492	76.9855	75.4212	93.5378	67.359	R
147F]	147F	F	CMR16	CMR	24	51.3	153	3.306122449	4.457446809	37.465	11.10633333	9.348666667	209.631	236.9196	244.086	213.6555	215.6744	225.9694	D
148F]	148F	F	CMR16	CMR	23	52.4	157	2.673469388	4.276595745	36.16	10.57966667	7.962333333	264.89	268.2459	227.3064	265.1173	226.4106	218.3618	D
167F]	167F	F	CMR16	CMR	21	47.4	159.5	3.530612245	4.936170213	38.395	13.40866667	12.05766667	194.4292	131.7899	163.7713	130.6668	221.0492	141.1891	R
168F]	168F	F	CMR16	CMR	21	50.2	158	2.816326531	4.106382979	35.81866667	11.20566667	9.574333333	231.9994	200.6864	227.9749	230.435	229.3253	210.2996	R
169F]	169F	F	CMR16	CMR	21	72.8	156	2.795918367	4.287234043	40.60066667	14.11966667	13.168	172.7294	204.7108	176.9677	185.0299	156.6183	186.3669	R
170F]	170F	F	CMR16	CMR	27	76.2	161.5	2.408163265	4.393617021	42.277	13.58433333	14.77766667	65.7947	59.3101	48.5739	49.6836	42.3032	58.6416	R
171F]	171F	F	CMR16	CMR	21	53.3	156	3.244897959	4.595744681	43.29466667	15.13033333	15.76666667	99.3538	128.4339	127.5381	86.5987	120.599	121.4948	R
172F]	172F	F	CMR16	CMR	30	97	159	3.755102041	5.20212766	30.45433333	8.478	8.206666667	116.3473	124.6234	170.4832	139.3975	155.7225	121.7221	D
173F]	173F	F	CMR16	CMR	30	76.7	161	2.87755102	4.553191489	43.80066667	14.45833333	14.793	204.7108	194.2019	216.7975	217.466	214.5513	187.2627	R
174F]	174F	F	CMR16	CMR	44	69.4	154	1.87755102	3.585106383	38.84766667	11.31433333	9.092333333	184.5753	229.3253	185.9257	171.379	183.9068	174.9622	R
175F]	175F	F	CMR16	CMR	22	93.7	173	3.979591837	5.404255319	39.28433333	12.57966667	11.88133333	279.2095	218.3618	300.682	244.9818	290.3869	226.8652	R
176F]	176F	F	CMR16	CMR	23	78.6	160.5	3.142857143	3.212765957	41.64133333	14.042	13.97833333	284.7982	229.9938	255.7181	245.8776	280.1053	194.6431	R
178F]	178F	F	CMR16	CMR	32	67.1	170	2.979591837	3.617021277	30.43066667	7.985333333	5.502666667	199.3494	228.8707	254.8223	258.4055	220.1534	217.6933	D
185F]	185F	F	CMR16	CMR	20	52.8	157	3.448979592	4.691489362	42.84566667	12.96466667	15.24066667	160.4154	186.1396	195.7662	187.7173	202.0234	190.6187	R
194F]	194F	F	CMR16	CMR	39	59.4	158	1.87755102	2.414893617	45.198	14.531	17.28633333	265.7858	225.7421	232.6812	259.7425	273.1661	244.9818	R
195F]	195F	F	CMR16	CMR	24	71.1	157	2.857142857	4.361702128	35.563	9.852666667	8.084	263.7669	269.3556	247.8831	259.074	227.7476	287.9268	R
196F]	196F	F	CMR16	CMR	19	49.2	152	3.551020408	5.14893617	45.88333333	16.26666667	17.621	242.0671	237.6015	240.2755	249.0062	260.411	213.4415	R
197F]	197F	F	CMR16	CMR	18	52.3	159	2.306122449	4.053191489	37.59633333	11.70933333	9.375333333	152.1393	232.8952	251.6936	216.7975	203.1465	218.803	R
198F]	198F	F	CMR16	CMR	25	115.4	176	2.224489796	3.234042553	35.116	8.508666667	6.343333333	290.1596	264.2215	302.9148	187.0354	304.7064	261.9753	R
199F]	199F	F	CMR16	CMR	20	81.6	173.5	3	4.340425532	41.19	13.78433333	13.064	213.4415	185.9257	231.5581	191.0732	224.1778	201.5822	R
200F]	200F	F	CMR16	CMR	25	57.5	162	4.530612245	6.021276596	43.97566667	13.13466667	14.76466667	284.7982	227.7476	284.7982	242.9629	238.4973	215.0059	R
201F]	201F	F	CMR16	CMR	22	64	161	5.244897959	6.382978723	44.52833333	15.249	17.49133333	232.8952	203.6011	234.9141	200.4591	226.8652	185.6984	R
107M] 3	107M	M	CMR16	CMR	28	73.2	171.5	2.37254902	6.053191489	32.71366667	9.751333333	6.572	455.7092	520.354	390.1552	486.1264	410.9592	479.8691	R
108M] 6	108M	M	CMR16	CMR	24	66.9	167.5	2.156862745	6.255319149	35.572	12.42033333	9.911666667	373.1617	338.9341	388.3636	364.2171	340.4984	353.0262	R
109M] 4	109M	M	CMR16	CMR	22	77.6	170	3.235294118	5.542553191	32.43566667	9.779333333	6.949333333	362.1982	285.4667	425.9472	292.1785	435.7876	356.8234	R
110M] 1	110M	M	CMR16	CMR	19	74.1	166	5.235294118	5	35.44733333	10.87766667	8.595	375.1672	352.5716	372.7071	385.4623	356.3821	334.455	R
111M] 2	111M	M	CMR16	CMR	20	69.5	178	3.039215686	4.691489362	38.052	14.53733333	12.89266667	416.334	427.5115	405.1432	361.5297	479.6418	360.8612	R
112M] 5	112M	M	CMR16	CMR	27	54.5	166.5	2.882352941	6.095744681	35.07433333	11.64	9.979666667	393.0699	351.2346	397.0943	370.4743	387.2539	360.8612	R
119M] 7	119M	M	CMR16	CMR	23	79.1	176	3.156862745	5.85106383	36.352	10.91566667	8.066333333	446.7512	439.3708	466.4455	472.93	553.9132	501.3416	R
120M] 9	120M	M	CMR16	CMR	27	72	170	3.705882353	5.255319149	33.85833333	9.735666667	6.239333333	243.8587	279.6507	298.2219	328.8663	293.0743	313.2098	R
121M] 10	121M	M	CMR16	CMR	23	65.9	178	4.529411765	5.29787234	37.481	12.45866667	10.613	355.4863	371.1428	341.3942	377.4134	364.2171	335.1236	R
122M] 8	122M	M	CMR16	CMR	19	68.6	174.5	3.196078431	5.074468085	32.66433333	7.947	4.643666667	234.9141	223.282	196.4347	210.5268	211.4227	199.3494	R
123M] 30	123M	M	CMR16	CMR	27	71.2	177.5	3.352941176	5.787234043	35.29566667	8.721333333	4.811666667	286.3625	240.5028	288.1541	258.4055	286.8171	263.7669	R
124M] 11	124M	M	CMR16	CMR	19	53.8	157.5	2.098039216	5.095744681	34.77533333	9.568333333	6.344666667	300.9093	295.3072	323.2776	292.4058	315.8972	285.9213	R
137M] 12	137M	M	CMR16	CMR	23	68.8	170	2.117647059	6.234042553	33.46066667	9.036	5.42	366.6772	374.726	370.4743	323.0503	327.9705	303.1421	R
138M] 15	138M	M	CMR16	CMR	20	70.6	169	3.37254902	5.712765957	33.47833333	8.805333333	5.429	335.5781	378.9777	349.6703	321.7133	464.4266	319.6944	R
139M] 13	139M	M	CMR16	CMR	21	57.2	165	4.098039216	6.031914894	33.40066667	9.927666667	7.069	372.2659	283.2339	396.1985	266.8955	357.7192	235.8099	R
140M] 16	140M	M	CMR16	CMR	22	82.1	179.5	4.137254902	5.191489362	38.60133333	14.87233333	11.40466667	418.3396	456.3777	452.126	481.2061	455.0273	453.6903	D
141M] 17	141M	M	CMR16	CMR	25	67.1	167	2.254901961	5.510638298	37.044	11.52	10.17433333	364.431	451.4575	396.6531	400.6775	375.8491	416.334	L
142M] 14	142M	M	CMR16	CMR	20	50	158	3.215686275	4.595744681	36.38633333	10.82466667	8.189666667	344.9774	263.3257	342.5173	273.3934	325.5104	240.7301	R
149M] 19	149M	M	CMR16	CMR	27	76.1	182.5	2.411764706	3.553191489	35.88066667	10.97366667	8.650666667	272.4976	200.9137	187.0354	319.9217	238.7112	316.5657	R
150M] 20	150M	M	CMR16	CMR	23	79.6	175.5	3.274509804	5.723404255	39.69233333	11.843	9.462333333	393.7384	308.9581	434.2233	399.3272	364.431	431.9905	R
151M] 24	151M	M	CMR16	CMR	23	66.6	179	2.705882353	5.106382979	40.274	14.46233333	12.24366667	325.7377	271.6018	293.0743	342.29	326.8474	286.8171	R
152M] 21	152M	M	CMR16	CMR	21	71.4	170	2.196078431	4.872340426	36.70633333	9.181333333	4.773	265.7858	242.0671	302.9148	238.7112	317.9028	228.4295	R
153M] 18	153M	M	CMR16	CMR	20	60.5	169	2.529411765	5.425531915	42.29233333	14.64266667	12.61333333	324.3873	254.3677	349.6703	263.5396	314.1056	276.9633	R
154M] 22	154M	M	CMR16	CMR	20	67.9	176	3.294117647	5.138297872	41.177	13.11133333	10.625	422.3773	395.0754	412.3096	401.3461	405.5978	384.5665	R
155M] 23	155M	M	CMR16	CMR	23	79.5	182	3.411764706	5.925531915	32.97366667	9.305	5.247666667	478.746	525.5015	531.3176	505.8073	476.9544	460.8434	R
156M] 25	156M	M	CMR16	CMR	20	64.1	174.5	3.705882353	6.29787234	35.202	9.163333333	6.462	376.7316	376.9588	354.1493	335.3508	321.486	361.5297	R
157M] 27	157M	M	CMR16	CMR	18	81.6	177	2.941176471	6.085106383	32.12566667	8.71	6.684	468.9056	503.1332	392.8426	522.1456	457.942	487.6907	R
159M] 26	159M	M	CMR16	CMR	18	60.8	173.5	4.647058824	3.829787234	40.746	14.902	13.91533333	310.7497	303.3694	323.4915	293.3016	300.2274	257.9509	R
160M] 29	160M	M	CMR16	CMR	23	62.5	173.5	3.549019608	5.904255319	34.46133333	9.91	6.900333333	365.7814	282.5654	310.7497	279.4234	293.0743	274.7305	R
161M] 33	161M	M	CMR16	CMR	22	65.9	171	4.666666667	5.404255319	39.67466667	12.683	12.14166667	281.4423	300.0135	301.5778	284.1297	289.9457	250.1293	R
162M] 32	162M	M	CMR16	CMR	21	68.6	175.5	3.882352941	5	42.97566667	15.337	14.80966667	378.0819	398.6586	368.0142	412.3096	418.1256	394.1796	R
163M] 35	163M	M	CMR16	CMR	21	65.6	177	2.470588235	5.191489362	37.82566667	13.681	11.384	376.9588	314.3196	358.3877	322.823	377.4134	300.682	R
164M] 34	164M	M	CMR16	CMR	24	69.5	172	2.725490196	6.010638298	34.06166667	9.974	6.226333333	474.267	510.5136	444.2911	442.7268	454.8134	400.223	R
165M] 50	165M	M	CMR16	CMR	23	72	171	2.509803922	6.340425532	29.506	8.532333333	5.546	584.9988	490.1508	572.2571	442.4995	545.851	463.0895	R
166M] 31	166M	M	CMR16	CMR	20	78.3	180.5	4.31372549	5.5	38.15866667	12.95133333	10.21133333	460.1748	463.0895	400.8915	352.7989	470.6972	434.2233	R
179M] 36	179M	M	CMR16	CMR	20	67.2	167.5	2.843137255	4.723404255	37.362	11.62133333	10.86466667	376.063	360.8612	368.91	318.5713	373.3756	339.3753	R
180M] 37	180M	M	CMR16	CMR	24	61.6	165	2.470588235	6.191489362	36.55433333	12.22266667	8.805	272.9388	250.1293	310.2951	305.1476	292.847	279.878	R
181M] 41	181M	M	CMR16	CMR	23	73.9	176.5	2.960784314	5.829787234	35.824	10.485	7.674666667	340.2711	437.138	355.9276	398.2174	406.9348	412.7508	R
182M] 40	182M	M	CMR16	CMR	23	57	165	2.078431373	5.255319149	40.94433333	12.58666667	12.937	293.7428	276.7494	331.5537	256.6139	324.6146	291.51	R
183M] 39	183M	M	CMR16	CMR	27	75	176	3.352941176	6.170212766	36.516	10.25133333	7.063666667	297.3261	332.6634	315.0014	298.6631	319.4671	323.9461	R
184M] 38	184M	M	CMR16	CMR	22	58.8	168	2.607843137	5.404255319	37.68666667	13.61533333	11.09233333	187.49	209.631	215.4471	208.5213	223.0547	201.8095	R
186M] 42	186M	M	CMR16	CMR	22	75.6	179	3.549019608	4.787234043	32.96	8.614333333	6.326666667	292.847	333.3453	280.3192	289.2772	260.8656	271.1472	R
187M] 43	187M	M	CMR16	CMR	20	65.7	171	2.725490196	5.659574468	36.04633333	9.58	6.376666667	282.1108	303.5833	339.3753	283.4612	319.6944	265.7858	R
188M] 45	188M	M	CMR16	CMR	18	74.2	175	2.745098039	5.180851064	33.28466667	8.263	6.013333333	405.5978	397.0943	407.1621	367.1184	413.6466	396.6531	R
189M] 44	189M	M	CMR16	CMR	17	71.8	177	3.529411765	4.978723404	33.81566667	8.533	5.613333333	250.5705	238.27	246.3188	273.8347	289.7184	260.411	R
190M] 47	190M	M	CMR16	CMR	20	73.1	183.5	2.980392157	5.010638298	37.902	11.695	8.808	310.5224	298.2219	342.7312	273.3934	419.2354	266.4543	R
191M] 49	191M	M	CMR16	CMR	18	53.1	158.5	2.941176471	4.946808511	36.73166667	12.36966667	9.323333333	225.2875	237.3742	253.2579	274.5032	224.4051	227.0791	R
192M] 46	192M	M	CMR16	CMR	30	73.2	175.5	2.509803922	5.521276596	43.103	15.309	15.05333333	396.1985	509.1632	383.898	477.1817	340.7257	430.1989	L
193M] 48	193M	M	CMR16	CMR	18	64.3	170	3.058823529	5.234042553	43.00966667	15.95633333	13.77033333	329.3075	451.0029	394.6342	457.942	363.7625	447.2058	R
0	1011	F	CZ16	CZ	21	62.20	166.70	2.364	4.022727273	53.899	16.688	11.14066667	221.3	205.6	200.5	236.3	211.9	222.8	R
1	1041	F	CZ16	CZ	34	54.60	167.20	1.394	2.227272727	59.666333	11.577	15.95466667	221.3	254.4	249.0	272.5	239.2	241.0	R
2	1051	F	CZ16	CZ	26	66.30	161.30	4	5.022727273	59.442333	13.802	11.04633333	200.2	182.3	198.9	209.6	196.0	186.1	R
3	1061	F	CZ16	CZ	29	61.80	163.50	2.576	3.431818182	82.173667	24.474	20.41866667	142.3	181.4	157.7	181.4	176.1	183.2	R
4	2011	F	CZ16	CZ	36	65.40	174.20	2.364	3.568181818	54.218333	15.05166667	19.032	289.5	214.8	275.4	209.6	267.4	221.5	L
5	2021	F	CZ16	CZ	19	60.90	164.30	1.545	2.295454545	59.939333	14.57266667	10.895	172.5	171.2	207.2	162.0	208.5	173.2	R
6	2031	F	CZ16	CZ	33	54.50	160.00	1.758	2.863636364	58.938667	17.70566667	13.513	234.5	191.3	218.1	208.1	234.0	215.7	R
7	2051	F	CZ16	CZ	20	58.30	171.10	2.606	4.204545455	61.414333	12.85133333	11.29866667	171.8	197.1	170.5	176.8	162.7	187.3	R
8	3011	F	CZ16	CZ	31	65.30	176.00	2.606	3.818181818	60.767	17.79366667	13.28433333	231.6	208.5	238.3	240.5	196.0	242.3	R
9	3021	F	CZ16	CZ	25	54.30	166.60	2.152	2.090909091	56.436333	17.659	14.94433333	225.1	202.3	220.4	197.6	230.0	192.0	R
10	4021	F	CZ16	CZ	29	81.20	175.30	1.788	2.818181818	57.379333	24.01	16.32933333	236.0	159.3	237.8	217.0	190.6	235.1	R
11	4031	F	CZ16	CZ	20	70.40	163.70	2.152	3.75	56.514667	18.45466667	11.51966667	169.3	177.5	167.7	174.8	165.2	170.4	R
12	4051	F	CZ16	CZ	22	78.90	164.10	2.848	3.931818182	58.926333	16.43	14.83333333	220.6	228.4	231.1	210.8	209.6	212.5	R
13	4061	F	CZ16	CZ	20	67.90	177.10	3.545	4.840909091	65.15	15.73333333	10.74466667	212.8	172.9	220.4	117.9	206.1	144.3	R
14	4071	F	CZ16	CZ	25	72.00	177.70	2.152	3.659090909	54.771333	25.65633333	14.00966667	304.7	329.5	313.0	298.0	307.8	315.4	L
15	4081	F	CZ16	CZ	21	47.60	163.10	2.273	3.045454545	63.522667	16.909	15.89133333	153.7	174.5	163.8	164.5	162.9	158.9	R
16	4101	F	CZ16	CZ	19	57.20	181.10	3.636	4.227272727	64.771333	15.63766667	15.09366667	251.9	215.7	256.4	223.3	262.7	245.0	R
17	4111	F	CZ16	CZ	25	53.60	164.60	3.545	4.863636364	62.794667	19.37033333	15.03233333	177.0	176.3	159.1	171.8	193.1	165.8	L
18	4141	F	CZ16	CZ	24	61.20	159.10	3.455	3.795454545	59.510667	20.52033333	14.128	202.5	141.2	166.9	171.8	194.9	181.7	R
19	4151	F	CZ16	CZ	21	63.70	174.00	3.758	4.977272727	62.709667	16.90766667	15.744	137.8	212.1	178.8	176.3	162.7	182.8	L
20	4161	F	CZ16	CZ	21	63.70	165.90	1.333	2.818181818	61.275	19.138	13.20266667	136.7	147.0	134.2	124.9	161.1	163.6	R
21	4191	F	CZ16	CZ	20	51.00	161.60	4.667	5.159090909	57.959	19.343	20.803	181.4	208.3	185.3	175.6	177.2	184.6	R
22	4211	F	CZ16	CZ	27	57.00	165.60	2.697	3.590909091	59.972667	17.24066667	13.839	195.8	211.2	187.3	201.4	197.8	187.7	R
23	4221	F	CZ16	CZ	25	58.00	158.60	4	5	65.864667	13.32833333	10.30466667	113.0	147.0	133.8	154.6	163.6	160.9	R
24	4231	F	CZ16	CZ	20	58.20	164.10	2.121	3.590909091	54.550333	23.89866667	14.37366667	211.9	208.1	255.0	209.9	219.7	183.7	R
25	4241	F	CZ16	CZ	20	56.30	180.20	2.394	3.954545455	64.459667	15.11266667	13.38233333	192.4	180.3	218.1	201.1	210.1	223.1	R
26	4251	F	CZ16	CZ	34	63.70	180.00	2.424	3.772727273	59.683333	16.30666667	13.29766667	221.5	199.3	210.5	208.3	191.5	178.5	R
27	5011	F	CZ16	CZ	21	53.10	150.90	1.848	3.681818182	60.842	13.663	10.90733333	113.7	107.9	116.8	111.4	118.1	119.9	R
28	5021	F	CZ16	CZ	26	62.70	170.90	2.848	4.5	61.349333	15.02833333	12.72	135.6	123.5	114.8	129.5	168.0	95.8	R
29	5031	F	CZ16	CZ	26	61.40	162.00	1.848	3.363636364	55.320333	24.21033333	12.45666667	212.8	183.0	219.5	163.6	212.8	169.6	R
30	5041	F	CZ16	CZ	26	56.60	175.60	2.061	3.590909091	62.339	16.81133333	14.09433333	148.6	190.2	147.0	164.7	146.1	166.5	R
31	5051	F	CZ16	CZ	24	70.30	166.80	2.576	3.954545455	60.775	14.198	13.447	125.7	87.7	123.3	80.3	102.9	87.5	R
32	5061	F	CZ16	CZ	20	72.00	177.30	2.03	3.318181818	58.053	17.17033333	15.45733333	228.0	233.1	250.1	237.1	248.6	224.4	R
33	5071	F	CZ16	CZ	21	52.00	166.80	3.515	4.568181818	64.540333	16.22166667	12.68566667	223.7	196.0	184.1	217.9	216.6	215.4	R
34	5091	F	CZ16	CZ	24	97.40	175.00	1.485	3.295454545	55.564	22.33033333	12.51866667	288.8	277.4	238.7	244.8	236.9	232.0	R
35	5101	F	CZ16	CZ	20	61.90	158.50	1.667	1.636363636	61.556	13.13966667	11.16166667	202.0	187.9	191.7	173.4	194.9	184.4	R
36	5111	F	CZ16	CZ	21	57.50	173.30	3.485	4.931818182	62.734667	15.54966667	13.61	214.8	229.8	214.1	199.6	220.6	208.1	R
37	5121	F	CZ16	CZ	21	55.60	172.40	3.909	4.636363636	62.113	13.33633333	10.99433333	104.7	101.4	104.7	93.1	78.8	87.1	L
38	5141	F	CZ16	CZ	21	57.00	156.30	2.242	3.545454545	59.986	18.50066667	17.615	148.3	136.0	154.4	144.1	109.9	136.6	L
39	5151	F	CZ16	CZ	23	71.30	171.00	1.848	3.272727273	60.026333	19.82133333	13.43533333	265.1	230.7	226.9	244.1	222.8	228.9	R
40	5161	F	CZ16	CZ	20	60.70	166.40	2	3.204545455	59.424	20.04966667	13.40533333	220.4	232.7	239.8	231.8	244.3	240.7	L
41	5171	F	CZ16	CZ	20	62.20	170.00	4.394	4.840909091	59.654333	20.16233333	13.91366667	170.0	152.1	196.2	167.4	192.0	168.9	R
42	5181	F	CZ16	CZ	26	60.10	173.40	3.848	4.636363636	58.711	NA	NA	198.0	192.2	187.0	221.5	188.4	214.3	R
43	5191	F	CZ16	CZ	21	69.80	167.50	1.788	3.068181818	59.082	18.07133333	12.61766667	101.4	126.9	122.8	158.0	139.8	164.9	R
44	5211	F	CZ16	CZ	22	52.80	159.00	3.667	4.772727273	60.19166667	NA	NA	108.5	127.8	139.6	134.9	125.1	147.2	R
45	5231	F	CZ16	CZ	25	78.70	178.60	3.152	4.863636364	57.818667	19.54933333	11.55166667	180.1	177.0	218.6	184.6	182.6	190.0	R
46	6051	F	CZ16	CZ	19	63.50	178.20	3.242	4.75	58.419333	19.48466667	12.5	219.3	185.3	231.1	182.8	225.1	186.1	R
47	6091	F	CZ16	CZ	21	63.80	163.80	2.455	4.090909091	60.303333	19.92733333	12.55233333	254.4	235.4	259.7	210.5	251.5	217.9	R
48	6121	F	CZ16	CZ	27	75.00	174.50	2.455	3.931818182	58.142667	18.795	13.20766667	276.3	265.1	292.8	268.7	294.2	252.4	R
49	6131	F	CZ16	CZ	20	66.40	174.40	3.545	4.954545455	59.435333	15.628	11.20166667	93.3	140.5	148.8	147.7	131.6	153.7	R
0	2040	M	CZ16	CZ	31	66.90	178.50	2.44944	4.090909091	55.315	16.34366667	16.18833333	301.6	329.8	281.2	358.2	287.7	341.2	R
1	4042	M	CZ16	CZ	28	69.90	166.70	2.10112	4.402597403	61.403	15.69866667	12.818	316.3	329.1	300.0	295.1	248.6	284.6	R
2	4090	M	CZ16	CZ	21	71.80	187.10	2.67416	4.458874459	61.522	17.83433333	14.20533333	378.5	356.6	358.6	335.4	373.8	351.5	R
3	4120	M	CZ16	CZ	24	75.70	181.40	1.91011	3.41991342	56.44266667	19.71066667	13.50666667	377.0	304.7	335.6	330.7	363.8	299.1	R
4	4130	M	CZ16	CZ	26	88.90	192.80	1.78652	4.16017316	62.02366667	15.06833333	12.67133333	474.7	366.2	403.6	369.4	393.1	359.7	R
5	4170	M	CZ16	CZ	24	81.30	190.90	3.20225	4.489177489	58.752	22.19666667	16.8	396.9	372.9	376.1	336.9	332.9	349.9	R
6	4200	M	CZ16	CZ	30	84.50	188.00	3.38202	5.138528139	59.45766667	19.142	13.262	302.0	116.8	302.9	114.6	354.4	132.0	R
7	6060	M	CZ16	CZ	29	67.70	168.00	2.24719	5.264069264	52.64066667	18.72033333	13.309	274.1	312.8	321.0	370.0	322.2	331.8	R
8	6080	M	CZ16	CZ	22	56.60	186.50	3.01124	3.714285714	58.22333333	17.50933333	14.87266667	293.3	251.9	325.5	285.0	301.8	271.8	R
9	7040	M	CZ16	CZ	20	68.80	179.40	2.38202	4.294372294	58.83666667	18.20566667	14.26966667	268.5	236.5	256.2	267.8	218.6	225.7	R
10	7060	M	CZ16	CZ	22	60.50	187.50	1.74157	4.16017316	56.62466667	19.958	14.73	283.2	289.7	265.1	261.1	266.2	259.1	L
11	7070	M	CZ16	CZ	22	60.70	174.00	2.46067	3.909090909	55.85766667	16.85733333	15.819	360.9	321.5	348.5	355.5	333.6	311.0	R
12	7090	M	CZ16	CZ	25	66.60	173.10	2.98876	4.177489177	54.73733333	20.86733333	14.495	326.6	356.8	292.8	363.5	279.0	307.4	R
13	7100	M	CZ16	CZ	25	76.30	183.70	3.21348	4.476190476	58.05366667	18.054	11.95633333	303.8	320.6	349.4	313.4	349.7	332.4	R
14	8010	M	CZ16	CZ	22	87.00	193.70	3.1573	5.004329004	59.42766667	18.702	13.92533333	444.1	420.6	417.0	431.5	474.1	455.9	R
15	8020	M	CZ16	CZ	22	87.10	189.40	2.50562	4.051948052	64.52133333	15.81466667	11.74866667	295.8	290.8	333.6	292.2	327.1	261.1	R
16	8030	M	CZ16	CZ	30	65.70	180.80	2.48315	3.545454545	59.68033333	16.46566667	13.74466667	313.7	308.3	323.1	295.3	321.0	247.9	R
17	8040	M	CZ16	CZ	32	65.00	180.50	2.23596	4.683982684	57.81166667	19.885	12.857	330.4	311.6	317.0	280.1	315.0	290.6	R
18	8050	M	CZ16	CZ	28	77.00	170.20	2.07865	3.770562771	56.652	22.26033333	12.599	396.7	351.0	386.8	358.6	379.0	326.6	R
19	8060	M	CZ16	CZ	25	75.50	176.30	4.46067	5.164502165	54.78166667	23.12133333	15.97633333	214.1	214.1	257.5	220.4	233.8	202.9	R
20	8070	M	CZ16	CZ	22	65.50	178.40	3.14607	3.645021645	56.75733333	20.85533333	14.62966667	392.6	351.0	379.4	335.1	324.2	325.5	R
21	8080	M	CZ16	CZ	26	71.60	181.60	1.55056	2.458874459	58.39466667	18.90466667	13.995	209.6	147.0	231.1	126.6	215.4	131.6	R
22	8090	M	CZ16	CZ	22	63.90	180.90	3.8764	3.683982684	58.347	21.57833333	12.22366667	319.9	308.3	311.6	308.7	307.6	312.8	R
23	8100	M	CZ16	CZ	19	66.80	182.60	2.40449	2.406926407	56.234	19.64833333	16.00133333	291.3	319.5	284.6	292.6	306.7	316.8	R
24	8110	M	CZ16	CZ	25	102.00	192.40	1.95506	4.134199134	56.561	19.31966667	12.907	306.3	277.9	292.2	271.4	238.7	256.2	R
25	9010	M	CZ16	CZ	20	67.90	172.50	2.78652	2.601731602	58.56866667	18.346	14.11833333	238.3	302.0	270.7	272.0	248.6	277.9	R
26	9012	M	CZ16	CZ	20	84.00	187.60	1.53933	3.021645022	58.78433333	19.654	12.131	277.9	346.8	272.7	322.8	296.4	311.9	R
27	9013	M	CZ16	CZ	25	77.30	183.00	4.8427	5.38961039	59.035	19.787	11.707	365.8	313.4	366.7	344.8	333.3	332.2	R(writes-with-left)
28	9020	M	CZ16	CZ	20	69.40	173.70	2.64045	3.796536797	60.269	19.87466667	11.49633333	202.5	230.0	207.4	237.1	196.2	206.9	R
29	9022	M	CZ16	CZ	22	73.40	181.70	2.55056	3.038961039	59.81566667	16.492	11.86266667	329.1	322.4	346.1	337.4	322.4	300.2	R
30	9023	M	CZ16	CZ	19	63.40	174.50	2.53933	3.510822511	60.56966667	15.50533333	14.974	246.5	212.1	254.8	212.8	254.8	248.8	R
31	9030	M	CZ16	CZ	29	84.40	182.60	2.61798	4.047619048	58.14866667	19.70366667	13.14666667	273.2	281.9	242.5	265.6	295.3	260.6	R
32	9032	M	CZ16	CZ	21	71.20	178.10	1.93258	4.082251082	57.80066667	21.83933333	11.78733333	308.1	285.2	371.6	319.3	376.5	311.4	R
33	9033	M	CZ16	CZ	24	63.40	164.90	3.68539	4.74025974	57.96766667	18.709	14.76233333	378.1	342.7	371.8	390.8	374.7	377.6	R
34	9040	M	CZ16	CZ	21	72.20	177.90	3.39326	4.41991342	55.23766667	21.467	16.01433333	407.8	366.0	397.5	394.0	399.3	358.6	L
35	9042	M	CZ16	CZ	21	77.20	185.00	2.10112	2.896103896	57.26033333	15.41666667	11.55866667	310.5	300.5	315.9	347.4	366.4	296.4	R
36	9043	M	CZ16	CZ	21	72.50	177.10	2.1573	4.826839827	57.43833333	23.16333333	13.35833333	222.2	229.3	230.4	217.2	176.3	225.7	R
37	9050	M	CZ16	CZ	23	89.00	186.60	2.83146	3.753246753	59.74866667	16.80966667	14.14866667	362.9	339.6	327.1	385.2	373.4	381.7	R
38	9052	M	CZ16	CZ	24	60.30	177.80	4.06742	4.623376623	62.03233333	13.99566667	13.20066667	229.8	181.4	257.3	213.0	247.7	216.6	R
39	9053	M	CZ16	CZ	20	64.60	180.70	3.98876	3.151515152	61.83	20.361	13.89533333	279.7	281.0	311.0	295.1	346.5	294.9	R
40	9060	M	CZ16	CZ	22	65.70	183.40	3.44944	4.878787879	58.21166667	21.32533333	16.356	394.6	372.3	391.7	358.8	377.2	359.5	R
41	9062	M	CZ16	CZ	29	100.00	200.40	2.8764	4.9004329	53.583	20.93966667	12.70433333	392.6	332.0	394.6	339.2	400.2	340.1	R
42	9063	M	CZ16	CZ	23	67.10	170.00	3.42697	3.463203463	57.34333333	20.57466667	16.429	465.1	477.2	454.8	430.4	454.4	433.6	R
43	9070	M	CZ16	CZ	34	62.20	163.30	1.60674	4.476190476	58.79533333	19.39433333	12.89633333	198.9	164.0	190.4	162.2	200.7	157.5	R
44	9072	M	CZ16	CZ	28	88.50	185.00	5.50562	6.38961039	54.94	20.39266667	15.08533333	261.8	272.3	259.1	240.5	278.5	262.0	R
45	9073	M	CZ16	CZ	22	74.90	188.00	2.76404	3.753246753	58.227	16.93166667	17.7	249.9	286.8	237.4	275.4	254.4	287.3	R
46	9082	M	CZ16	CZ	19	61.90	174.50	2.94382	3.021645022	59.45333333	16.69333333	15.611	357.9	329.8	351.0	317.7	351.2	304.3	R
47	9083	M	CZ16	CZ	20	82.50	184.80	1.85393	3.584415584	56.63	22.45966667	12.143	332.7	452.1	328.9	385.2	399.1	406.5	R
48	9102	M	CZ16	CZ	21	69.10	176.00	3.69663	4.311688312	57.089	10.75833333	10.98	269.4	244.1	241.6	261.3	309.9	239.6	R
49	9112	M	CZ16	CZ	32	72.90	178.40	1.7191	4.168831169	60.002	13.10733333	12.629	361.3	311.9	382.8	358.4	370.0	351.0	R
